4729 4730 4731 4732 4733 4734 4735 //timor
4726 4727 4728 //north australia
4736 4737 4738 4739 4740 //New Caledonia
4741 4742 //Viti
4743 4744 4745 4746 4747 4748 4749 4750 4751 4752 4753 4754 4755 4756 4757 4758 4759 4760 4761 4762 4763 //NZ
4764 4765 //GUAM
4766 4767 4768 4769 4780 4781 4782 4783 4784 4785 4786 4787 //Indonesian Papua
4788 4789 4790 4791 4792 4793 4794 4795 4796 4797 4798 4799 //British Papua
4800 4801 //german papua
4802 4803 4804 4805 4806 4807 4808 //neupommern
4809 4810 //neumecklenburg
4811 //bougainville